110,
152,
150,
150,
190,
185,
175,
182,
183,
173,
174,
172,
163,
162,
161,
149,
150,
146,
143,
143,
139,
132,
120,
112,
101,
95,
87,
83,
81,
72,
67,
59,
51,
49,
47,
44,
39,
31,
29,
24,
23,
22,
16,
11,
8,
6,
2,
0,
2,
4,
4,
1,
3,
8,
14,
17,
20,
24,
31,
37,
40,
48,
53,
52,
54,
61,
70,
74,
72,
74,
82,
81,
82,
92,
94,
95,
102,
101,
98,
107,
105,
100,
105,
104,
103,
102,
98,
104,
107,
103,
106,
112,
106,
100,
105,
110,
110,
110,
111,
111,
108,
105,
108,
109,
108,
107,
103,
105,
112,
105,
103,
103,
101,
103,
109,
114,
111,
109,
110,
111,
109,
108,
110,
108,
106,
107,
106,
107,
104,
103,
112,
109,
108,
110,
108,
109,
111,
113,
109,
111,
111,
108,
111,
107,
108,
108,
108,
109,
110,
110,
111,
112,
113,
114,
112,
109,
107,
107,
105,
103,
108,
113,
118,
115,
110,
115,
113,
111,
109,
111,
112,
109,
109,
118,
121,
117,
120,
119,
116,
116,
118,
119,
123,
122,
118,
116,
113,
115,
115,
117,
120,
123,
122,
120,
125,
128,
128,
126,
122,
126,
127,
127,
128,
129,
131,
132,
132,
134,
134,
135,
137,
138,
139,
144,
145,
138,
139,
142,
143,
145,
144,
145,
146,
147,
146,
147,
147,
144,
146,
148,
151,
150,
155,
167,
165,
157,
151,
151,
158,
165,
163,
162,
161,
160,
160,
160,
161,
162,
163,
163,
168,
169,
171,
171,
168,
166,
163,
168,
169,
170,
171,
171,
170,
164,
162,
164,
163,
166,
176,
174,
173,
179,
179,
176,
173,
168,
169,
172,
171,
170,
172,
173,
170,
169,
162,
161,
165,
166,
167,
169,
170,
167,
167,
167,
166,
167,
165,
166,
168,
165,
156,
158,
163,
158,
157,
154,
152,
154,
153,
152,
153,
152,
152,
153,
152,
153,
153,
149,
148,
150,
148,
146,
147,
146,
138,
136,
143,
146,
145,
150,
143,
136,
139,
143,
147,
140,
148,
153,
141,
137,
136,
136,
136,
138,
136,
136,
138,
139,
135,
132,
134,
133,
136,
137,
136,
137,
137,
134,
132,
133,
133,
134,
132,
130,
130,
129,
127,
126,
128,
132,
131,
129,
130,
129,
127,
131,
134,
129,
124,
127,
127,
127,
129,
122,
116,
116,
118,
116,
118,
123,
126,
123,
122,
123,
118,
119,
122,
118,
121,
127,
122,
116,
118,
121,
120,
116,
116,
119,
118,
116,
116,
116,
117,
116,
123,
124,
120,
119,
117,
117,
116,
116,
115,
114,
114,
113,
113,
117,
119,
116,
116,
117,
117,
115,
115,
118,
119,
122,
121,
117,
121,
119,
112,
112,
115,
117,
112,
114,
114,
113,
114,
111,
116,
115,
111,
110,
114,
115,
111,
113,
116,
120,
120,
117,
115,
112,
111,
114,
111,
111,
112,
114,
115,
113,
118,
123,
122,
117,
115,
115,
113,
118,
123,
117,
113,
113,
111,
112,
111,
109,
117,
119,
118,
117,
117,
120,
116,
111,
112,
112,
114,
116,
117,
116,
113,
116,
116,
116,
115,
111,
114,
116,
118,
118,
119,
114,
113,
118,
116,
113,
114,
119,
114,
113,
115,
115,
116,
119,
118,
114,
115,
117,
121,
114,
110,
112,
115,
115,
121,
119,
112,
113,
109,
114,
117,
114,
114,
115,
118,
120,
119,
118,
119,
121,
125,
122,
122,
122,
120,
121,
115,
117,
122,
115,
113,
116,
119,
121,
123,
120,
115,
118,
121,
122,
122,
124,
126,
125,
127,
129,
123,
124,
128,
128,
129,
129,
128,
130,
132,
127,
121,
128,
132,
129,
127,
127,
127,
132,
133,
127,
125,
125,
127,
127,
125,
128,
133,
134,
131,
131,
132,
134,
133,
132,
137,
135,
133,
132,
126,
128,
131,
123,
117,
118,
116,
113,
114,
113,
111,
112,
111,
112,
115,
115,
118,
121,
116,
109,
109,
110,
109,
108,
107,
106,
105,
106,
104,
107,
110,
107,
108,
107,
109,
106,
101,
110,
115,
113,
110,
106,
98,
99,
116,
118,
109,
111,
110,
107,
109,
110,
111,
111,
110,
111,
112,
115,
115,
118,
118,
115,
117,
110,
104,
107,
112,
112,
109,
110,
111,
110,
107,
106,
106,
105,
102,
101,
100,
94,
91,
87,
82,
78,
72,
66,
63,
62,
59,
60,
64,
64,
67,
71,
77,
82,
88,
97,
105,
114,
123,
130,
137,
146,
156,
169,
183,
195,
208,
220,
230,
239,
234,
232,
239,
243,
248,
255,
252,
247,
245,
231,
216,
213,
211,
203,
192,
188,
190,
200,
203,
198,
195,
192,
189,
186,
186,
180,
170,
165,
161,
156,
151,
147,
142,
135,
127,
123,
116,
106,
101,
100,
91,
80,
74,
75,
75,
70,
68,
51,
36,
32,
34,
30,
28,
21,
12,
17,
14,
8,
4,
4,
4,
4,
1,
0,
3,
2,
6,
5,
3,
9,
12,
17,
21,
26,
32,
37,
43,
49,
53,
56,
63,
69,
74,
78,
81,
83,
87,
91,
93,
97,
99,
98,
98,
99,
99,
98,
103,
100,
98,
101,
101,
102,
109,
114,
109,
107,
102,
102,
112,
108,
105,
105,
104,
109,
108,
108,
109,
105,
104,
106,
105,
100,
104,
110,
110,
108,
107,
106,
107,
109,
108,
105,
104,
103,
104,
102,
104,
106,
105,
103,
102,
104,
108,
114,
111,
108,
105,
104,
111,
106,
107,
108,
107,
112,
109,
104,
106,
105,
103,
106,
107,
105,
103,
110,
117,
114,
111,
109,
109,
110,
